;; 0 "Proteobacteria" 431 448, 0.189501854895817
;; 0 "Acidobacteria" 350 252, 0.00084513137470297
;; 0 "Actinobacteria" 83 176, 4.93951849221934e-09
;; 0 "Firmicutes" 80 20, 3.26044700283433e-09
;; 0 "Verrucomicrobia" 71 38, 0.00228466498495401
;; 0 "Bacteroidetes" 42 56, 0.0736692206717974
;; 0 "Planctomycetes" 31 20, 0.103420638171114
;; 0 "Gemmatimonadetes" 23 19, 0.365384439950726
;; 0 "Nitrospira" 11 9, 0.443454001607852
;; 0 "OD1" 8 9, 0.472175430430809
;; 0 "Chloroflexi" 6 14, 0.0502309752180853
;; 0 "Cyanobacteria" 3 1, 0.325989909930288
;; 0 "Dehalococcoides" 3 12, 0.0152336560545118
;; 0 "Thermomicrobia" 3 0, 0.131893034046199
;; 0 "OP11" 2 5, 0.213427573444027
;; 0 "TM7" 2 23, 7.47738266082455e-06
;; 0 "WS3" 2 8, 0.0494104679562341
;; 0 "BRC1" 1 1, 0.74144984549491
;; 0 "Deferribacteres" 1 0, 0.508810572687225
;; 0 "OP10" 1 4, 0.177487292790869
